0.429005
0.241279
0.195603
0.179628
0.163869
0.147722
0.144365
0.137846
0.129698
0.131914
0.121882
0.121587
0.120466
0.117261
0.395318
0.311065
0.121427
0.213720
0.152723
0.163902
0.202047
0.113163
0.117028
0.107764
0.104464
0.100266
0.104247
0.207355
0.370165
0.348833
0.343920
0.337235
0.330639
0.330536
0.323475
0.322142
0.315260
0.321120
0.315228
0.314024
0.311565
0.310275
0.304649
0.307383
0.304492
0.299543
0.302053
0.296344
0.296816
0.297980
0.299574
0.293299
0.290824
0.292378
0.287254
0.290217
0.294312
0.295681
0.285221
0.285268
0.285880
0.275575
0.281957
0.278163
0.277734
0.274516
0.281788
0.278679
0.273381
0.271389
0.271274
0.272671
0.270556
0.275199
0.271891
0.268270
0.271488
0.267168
0.267419
0.269444
0.263247
0.270880
0.267538
0.271728
0.265125
0.268569
0.266560
0.264044
0.264665
0.263905
0.258588
0.259046
0.260867
0.263076
0.262037
0.260261
0.259742
0.254816
0.262738
0.257689
